Name,AtEventIndex,EdgeCount,EdgeDelete,Latency,AlgTimeSinceLast,CurrentRuntime
0,0,1,0,17934431,3011453,3037270
0,1,0,1,1731635,74009,26385556
0,2,1,1,23544947,28268,42152757
0,3,0,2,22334532,23567,73609760
0,4,1,2,21959066,52571,104164859
0,5,2,2,1358735,37835,126568283
0,6,3,2,1960686,48374,128214657
0,7,4,2,683522,22324,130471923
0,8,3,3,887521,32783,131451694
0,9,4,3,645533,34322,132588273
0,10,5,3,4610469,48905,133540532
0,11,4,4,2004978,33065,138526065
0,12,5,4,926670,30237,140789105
0,13,4,5,860361,42569,141995455
0,14,5,5,750265,28245,143121282
0,15,6,5,874635,186094,144303228
0,16,5,6,1049250,35910,145508869
0,17,6,6,5159723,59855,146894685
0,18,7,6,1009987,52198,152404998
0,19,6,7,401285,53783,153705778
0,20,7,7,800759,44962,155326566
0,21,8,7,1129255,38112,156395540
0,22,7,8,1865737,42384,158118734
0,23,8,8,1035127,28439,160281791
0,24,7,9,1244924,34983,161576349
0,25,8,9,2484915,54886,163148771
0,26,9,9,794156,34694,165891881
0,27,10,9,1088620,36395,166962825
0,28,9,10,1572672,48794,168388616
0,29,10,10,858870,37959,170316019
0,30,11,10,1364198,33891,171443919
0,31,10,11,1406242,33101,173078964
0,32,11,11,1094026,33830,174764699
0,33,10,12,1705245,18786,176128123
0,34,11,12,2611641,37083,178296701
0,35,10,13,1371038,36479,181206417
0,36,9,14,712836,35075,182868123
0,37,10,14,1361666,34016,183822720
0,38,9,15,1296365,19945,185464077
0,39,10,15,1312986,35354,187036652
0,40,11,15,995882,39061,188653889
0,41,12,15,776195,53977,189960407
0,42,13,15,1899474,27938,191092856
0,43,12,16,1392613,32037,193301155
0,44,13,16,2878342,30059,195160788
0,45,14,16,4815071,32598,198357839
0,46,13,17,983678,30811,203559020
0,47,14,17,1279784,20889,204872410
0,48,15,17,1358530,23773,206476704
0,49,14,18,690428,23203,208201085
0,50,13,19,674602,21893,209589612
0,51,14,19,1060579,28904,211379777
0,52,15,19,1616463,25331,213082407
0,53,16,19,563790,33101,215021362
0,54,17,19,2091797,17068,215894586
0,55,16,20,416669,27916,219781751
0,56,15,21,694107,27515,222921818
0,57,14,22,1900561,20310,224413301
0,58,15,22,2107070,32956,226963831
0,59,14,23,5272787,30765,229431282
0,60,15,23,1643942,41820,235061752
0,61,16,23,9111783,31151,237145587
0,62,15,24,3619479,25483,246714590
0,63,16,24,1189958,24509,250874530
0,64,17,24,902913,25984,252388238
0,65,16,25,19204829,43767,253624531
0,66,17,25,4077357,37670,273228523
0,67,16,26,2277620,34592,277622898
0,68,17,26,798103,25573,280287296
0,69,18,26,490006,32812,281416167
0,70,17,27,1361291,32840,282243550
0,71,18,27,3677975,30827,283981806
0,72,19,27,587293,30695,288009042
0,73,20,27,2543818,42458,288910267
0,74,21,27,249792,44076,291814014
0,75,20,28,21489591,36458,293249896
0,76,19,29,8339288,28149,315188914
0,77,18,30,10943198,43576,324083080
0,78,19,30,19855327,31588,335496189
0,79,20,30,6122816,34614,355766121
0,80,21,30,800442,36480,362391572
0,81,22,30,1420580,28315,363505562
0,82,23,30,587026,30151,365226678
0,83,22,31,3599504,24142,366237916
0,84,23,31,5216496,31300,370331484
0,85,24,31,1410173,44051,375907476
0,86,23,32,32127403,49321,377676004
0,87,24,32,7604071,40297,410443416
0,88,23,33,2523855,30921,418600717
0,89,22,34,1972586,73264,421513178
0,90,23,34,542508,28456,423812951
0,91,22,35,740681,30392,424970539
0,92,23,35,1353194,44793,433360458
0,93,24,35,1433890,29315,435091342
0,94,25,35,921447,30271,436992460
0,95,26,35,1709787,36752,438324592
0,96,25,36,652829,79194,440429271
0,97,26,36,2358446,32825,441672633
0,98,27,36,781949,63326,446779008
0,99,28,36,3247662,70475,447920258
0,100,29,36,2092885,32271,451486780
0,101,28,37,697069,81082,454029605
0,102,29,37,698499,71589,455075355
0,103,30,37,1193907,70006,456139926
0,104,29,38,935544,30304,457698484
0,105,30,38,3012664,29364,458926981
0,106,31,38,995110,64145,462526805
0,107,32,38,893064,66944,463964485
0,108,31,39,430094,28950,465185126
0,109,30,40,1228163,31900,465897593
0,110,31,40,1578152,66117,467439650
0,111,32,40,3918069,57613,469514986
0,112,33,40,4065181,30599,473855674
0,113,32,41,780089,31417,478301806
0,114,33,41,1123390,67180,479453338
0,115,34,41,1438269,75527,480932235
0,116,33,42,1174578,29915,482742585
0,117,34,42,1302029,31098,484206921
0,118,35,42,914676,39436,485910984
0,119,34,43,859936,82814,487179906
0,120,35,43,605444,30431,488360080
0,121,36,43,3773361,28500,489211450
0,122,37,43,315669,30732,493378843
0,123,38,43,2173316,37463,494100886
0,124,37,44,583779,28557,496543469
0,125,38,44,934722,30202,497506366
0,126,39,44,2222347,27962,498732943
0,127,38,45,1868489,28718,501275386
0,128,37,46,888398,51350,503555533
0,129,38,46,891405,31781,504763964
0,130,39,46,3994622,27961,505982517
0,131,40,46,1469510,29050,510287872
0,132,41,46,1996568,79917,512331509
0,133,42,46,492947,28484,514841456
0,134,43,46,815866,30230,515649330
0,135,44,46,448519,65634,516795936
0,136,45,46,231377,64369,517618325
0,137,46,46,740844,21750,521541913
0,138,47,46,512800,18790,523373078
0,139,46,47,226340,25227,524750736
0,140,47,47,834264,27464,525248540
0,141,48,47,172987,19421,527401088
0,142,49,47,725959,21148,530480973
0,143,50,47,841161,20949,534533385
0,144,49,48,1064920,19792,536614054
0,145,50,48,1369860,20020,538044947
0,146,51,48,1454263,19004,539779213
0,147,52,48,1104751,29640,541589707
0,148,53,48,597831,18192,543008967
0,149,54,48,1120789,19890,544271494
0,150,55,48,1847638,28885,545853641
0,151,56,48,1250622,19145,548029265
0,152,57,48,973253,21581,549650040
0,153,58,48,1255460,18932,550965115
0,154,59,48,2086216,26222,552629920
0,155,58,49,1579842,32186,555049264
0,156,59,49,639109,36398,556935581
0,157,60,49,743035,37222,557891676
0,158,61,49,843758,33172,558959722
0,159,62,49,882185,44270,560140932
0,160,63,49,809659,36005,561339100
0,161,64,49,627525,47149,562583628
0,162,65,49,693011,22327,563496537
0,163,66,49,1217641,35341,564505870
0,164,65,50,893847,25435,566016691
0,165,64,51,1078651,38975,567226355
0,166,63,52,322481,50126,568635942
0,167,64,52,1071669,22856,569247872
0,168,65,52,654858,34614,570626865
0,169,66,52,1075785,34715,571616415
0,170,67,52,2047343,25402,573017887
0,171,68,52,1134803,21761,575446627
0,172,69,52,344560,37062,576925817
0,173,70,52,346224,35144,577586213
0,174,71,52,816819,29927,578722504
0,175,72,52,1470801,36681,579868590
0,176,73,52,748020,40636,581677503
0,177,72,53,579857,32556,582752960
0,178,73,53,1162692,27937,583645666
0,179,74,53,1452790,36805,585133262
0,180,75,53,561684,44503,586961345
0,181,76,53,430311,34824,587822872
0,182,77,53,825034,36931,588594987
0,183,76,54,1039510,36125,589719663
0,184,77,54,937171,35978,591093526
0,185,78,54,985828,37585,592361035
0,186,79,54,894557,30070,593683019
0,187,80,54,2524257,55568,594929078
0,188,81,54,544634,36471,597819119
0,189,82,54,4463618,22302,598675446
0,190,83,54,1452775,46216,603544625
0,191,82,55,2406560,40868,605483829
0,192,83,55,1095926,40105,608464687
0,193,84,55,615731,35439,609982513
0,194,85,55,364841,44006,613020678
0,195,86,55,1783223,29902,614586838
0,196,85,56,4704399,47993,619553646
0,197,86,56,1880598,66156,624625972
0,198,85,57,446601,36837,626838854
0,199,86,57,443968,37048,627570293
0,200,87,57,2142352,36575,628303451
0,201,88,57,469230,35833,630740159
0,202,89,57,2254748,65361,635871693
0,203,90,57,872945,40161,642345408
0,204,91,57,1945831,46408,643556663
0,205,92,57,619440,41895,645852125
0,206,91,58,510355,40557,646779548
0,207,92,58,674720,44948,647654139
0,208,93,58,613854,46889,648657635
0,209,92,59,352923,45147,649621451
0,210,93,59,792014,35525,650294584
0,211,94,59,432025,50083,653099202
0,212,95,59,591323,42498,656886415
0,213,94,60,1207264,73513,679975650
0,214,95,60,672676,21222,681552560
0,215,96,60,1435658,37937,683128561
0,216,97,60,892214,37537,685731156
0,217,96,61,359400,34220,686913810
0,218,97,61,1945278,35718,688143895
0,219,96,62,340840,31043,690463860
0,220,97,62,1027652,30509,691117622
0,221,96,63,425647,33878,692426486
0,222,97,63,2548588,27523,697965629
0,223,96,64,812641,48293,701056564
0,224,97,64,1052669,32556,702180301
0,225,98,64,625137,33918,705211588
0,226,99,64,329156,22592,706332956
0,227,100,64,338769,36283,707616870
0,228,101,64,1937838,19432,708203037
0,229,102,64,1159940,23967,710413825
0,230,101,65,832054,32279,711847171
0,231,102,65,608572,33403,712978558
0,232,103,65,271395,17901,714076266
0,233,104,65,321034,33897,714693159
0,234,105,65,756749,22601,716251639
0,235,106,65,739672,20314,717321567
0,236,107,65,1522597,37271,718337778
0,237,108,65,1852611,29900,720297791
0,238,109,65,455170,33794,722436330
0,239,110,65,382110,34410,723169003
0,240,109,66,779009,24741,723842015
0,241,108,67,384432,25325,724909909
0,242,109,67,541600,25434,725569028
0,243,110,67,337494,27369,726365838
0,244,111,67,779885,32070,727551716
0,245,112,67,501180,22446,728647956
0,246,113,67,544510,15938,729420695
0,247,114,67,841432,18080,730969103
0,248,115,67,547825,18235,732086778
0,249,116,67,637626,16144,732881809
0,250,115,68,802850,27054,734046389
0,251,116,68,1072111,19586,735466730
0,252,117,68,324390,19148,736793200
0,253,116,69,326553,21808,737385440
0,254,117,69,342463,16730,737990045
0,255,116,70,482769,26787,745182007
0,256,117,70,533108,18304,749452693
0,257,118,70,333838,26412,752647115
0,258,119,70,767648,19299,753432724
0,259,120,70,875126,18515,754919408
0,260,119,71,582797,21787,756177693
0,261,118,72,335310,20232,757281930
0,262,119,72,2138009,35584,759337648
0,263,118,73,1959083,19978,761866675
0,264,119,73,279708,23805,764234312
0,265,118,74,1428268,22417,766517983
0,266,119,74,513294,19110,768376315
0,267,120,74,1804066,25399,769307813
0,268,121,74,799624,24246,772275129
0,269,122,74,552285,17609,773435384
0,270,121,75,966445,23336,774642065
0,271,122,75,864868,31579,775989995
0,272,121,76,1948783,19119,777431632
0,273,122,76,1553992,41640,781168783
0,274,121,77,1007291,21172,783342483
0,275,122,77,601511,23651,784797452
0,276,121,78,1427142,21153,788512605
0,277,122,78,420676,20865,790399636
0,278,123,78,526209,21358,792965118
0,279,124,78,768812,19055,794781730
0,280,125,78,345619,18734,798556139
0,281,124,79,1753919,17283,800066999
0,282,125,79,1618834,31454,802360031
0,283,126,79,368406,20028,805419878
0,284,127,79,622631,30626,807034193
0,285,128,79,789488,32889,808355270
0,286,129,79,802167,33302,811477299
0,287,128,80,678422,25676,813241127
0,288,129,80,619619,22774,815619073
0,289,130,80,1128936,33642,817145855
0,290,131,80,965367,20695,818714891
0,291,132,80,1249840,21065,820102503
0,292,133,80,1326271,31179,822221064
0,293,134,80,1199006,40033,824057413
0,294,135,80,808079,23374,825633860
0,295,134,81,1540712,29046,826807845
0,296,133,82,1506279,27277,828896866
0,297,134,82,1332064,35858,830817431
0,298,133,83,670615,35187,832574257
0,299,134,83,760076,22265,833652188
0,300,135,83,719167,38450,834851831
0,301,136,83,367083,50130,836023750
0,302,137,83,1548591,36631,837173612
0,303,138,83,347090,40447,840223940
0,304,139,83,383381,45651,842374839
0,305,140,83,1494674,39835,844413596
0,306,141,83,663795,45550,846391484
0,307,142,83,667349,40327,847447518
0,308,143,83,666270,36749,848474102
0,309,144,83,796671,35837,849506189
0,310,145,83,1115240,44707,850956240
0,311,146,83,930236,60975,852824288
0,312,145,84,1101487,48091,854197606
0,313,146,84,1135166,32849,855684560
0,314,147,84,594601,37035,857184783
0,315,148,84,663064,36556,858143595
0,316,149,84,483334,43496,859245770
0,317,150,84,520154,27823,860091683
0,318,149,85,1206734,44196,861211259
0,319,150,85,1039019,37477,862877507
0,320,151,85,1273286,35624,864416743
0,321,152,85,658801,36733,866115581
0,322,151,86,630498,35080,867773613
0,323,150,87,1007229,25062,869567201
0,324,151,87,922165,76595,871653544
0,325,152,87,355365,44187,873115371
0,326,153,87,870583,22140,874281649
0,327,154,87,798719,39646,876046568
0,328,155,87,528692,32956,877208402
0,329,156,87,1203167,44730,878394291
0,330,155,88,666097,31702,880003338
0,331,156,88,517710,32253,881076929
0,332,157,88,1074339,44812,882208279
0,333,158,88,722855,36549,884301797
0,334,157,89,1593150,31536,886040494
0,335,158,89,761822,46151,888119125
0,336,159,89,357384,36486,889273959
0,337,158,90,1445068,44049,890477408
0,338,159,90,1055610,44488,892411345
0,339,158,91,694784,44183,894670618
0,340,159,91,2780097,36928,897472460
0,341,158,92,1103637,45744,900694308
0,342,157,93,3545088,34653,902255750
0,343,156,94,1637810,29858,906477833
0,344,155,95,1668739,27653,908629667
0,345,156,95,211733,19044,910729953
0,346,155,96,1740494,50317,912092490
0,347,156,96,984968,33252,914379039
0,348,155,97,1027194,32914,915758255
0,349,154,98,1130149,43181,917821014
0,350,155,98,1276514,78721,919513561
0,351,154,99,1943268,41800,921478850
0,352,153,100,1609308,46043,924702986
0,353,154,100,1853035,33396,926718708
0,354,155,100,1411918,24722,929093139
0,355,156,100,1641071,30852,930951909
0,356,157,100,1184790,36144,933091485
0,357,158,100,3196079,28062,934677113
0,358,157,101,921593,28855,938314777
0,359,158,101,1186581,38286,939637581
0,360,159,101,1111342,30400,941358486
0,361,158,102,4732804,29902,942854236
0,362,159,102,2673733,27293,948034948
0,363,160,102,1997908,30710,951093801
0,364,159,103,1165753,36486,953620039
0,365,158,104,829854,47832,955343213
0,366,159,104,928142,43507,956605001
0,367,160,104,884064,29283,957890504
0,368,161,104,764297,37120,959228040
0,369,162,104,1081213,33030,960445003
0,370,163,104,1285564,30570,962170493
0,371,162,105,3431083,29878,963856478
0,372,161,106,162466,33902,967706253
0,373,160,107,1650708,30392,969214495
0,374,159,108,1624200,40998,971287356
0,375,160,108,2207980,42603,973319363
0,376,159,109,753546,33017,976001275
0,377,160,109,941052,42711,977486076
0,378,161,109,431269,43892,978916551
0,379,162,109,417170,47898,982520860
0,380,163,109,3269621,37560,984107341
0,381,164,109,901703,34768,987900547
0,382,163,110,1687879,35977,989260524
0,383,164,110,548845,28612,991346632
0,384,165,110,666596,50665,993652007
0,385,164,111,691653,29901,994755550
0,386,165,111,188518,44829,995851150
0,387,166,111,192666,70760,999483986
0,388,167,111,1111485,47110,1000714608
0,389,166,112,6303601,30692,1002255858
0,390,167,112,2044083,52757,1009126473
0,391,168,112,1849958,31077,1011550026
0,392,169,112,2802121,33497,1013803169
0,393,170,112,580549,34038,1017217807
0,394,171,112,806384,25513,1018992827
0,395,172,112,717369,33384,1022109312
0,396,173,112,4989993,42028,1023718530
0,397,174,112,2013523,35923,1029469163
0,398,175,112,2035480,36880,1032014610
0,399,176,112,729931,43354,1034692540
0,400,177,112,499779,67433,1036298992
0,401,176,113,2568172,44795,1037916011
0,402,175,114,2677365,30178,1040854942
0,403,174,115,3027711,26188,1043935228
0,404,175,115,5785360,42080,1047440964
0,405,174,116,1353781,26568,1053835725
0,406,173,117,1414354,29695,1055681990
0,407,172,118,2568804,20696,1057506821
0,408,171,119,1907059,43680,1060517596
0,409,170,120,1310677,31793,1062811884
0,410,171,120,1383309,29384,1064520353
0,411,170,121,613345,34077,1066294195
0,412,169,122,2563638,45581,1069263416
0,413,170,122,1472859,28160,1072286391
0,414,169,123,1630975,41394,1074995991
0,415,170,123,1679922,36173,1077129051
0,416,171,123,1150650,34713,1079288753
0,417,172,123,1843915,34410,1080801358
0,418,173,123,928625,37474,1083037245
0,419,172,124,2015318,24503,1084414902
0,420,173,124,1025949,39535,1086923956
0,421,172,125,501383,36066,1088400033
0,422,173,125,1646607,42527,1091202413
0,423,172,126,3036554,45446,1093658701
0,424,171,127,1214639,43692,1097146725
0,425,172,127,1537766,36611,1098732207
0,426,173,127,1197090,36416,1100651121
0,427,174,127,770755,37757,1102306621
0,428,175,127,1317607,43940,1103903510
0,429,174,128,1044234,43670,1105650951
0,430,175,128,1757414,43628,1107318101
0,431,176,128,882855,26296,1110167926
0,432,175,129,355618,35155,1111880406
0,433,176,129,3608554,45229,1113236233
0,434,177,129,2303347,44457,1117458028
0,435,178,129,1725539,44323,1120574636
0,436,179,129,1140879,45142,1123261979
0,437,180,129,1013726,40907,1124822805
0,438,181,129,1099064,36469,1126246705
0,439,182,129,792179,35638,1127729955
0,440,183,129,1212924,44184,1129340395
0,441,182,130,1051553,44376,1131959506
0,442,181,131,3160615,47315,1134233932
0,443,182,131,1908983,39983,1138267349
0,444,183,131,1201145,36917,1140598684
0,445,184,131,203218,29452,1142227668
0,446,185,131,427419,44641,1143653619
0,447,184,132,918365,44963,1145233176
0,448,183,133,1049200,43584,1146831554
0,449,182,134,1939657,44981,1148389120
0,450,183,134,2357092,41064,1150933143
0,451,184,134,2550818,64888,1155269124
0,452,185,134,818348,34133,1158529325
0,453,186,134,1235698,48800,1161270501
0,454,187,134,1116734,29875,1162903691
0,455,188,134,744396,31229,1164418132
0,456,189,134,164484,35929,1166497512
0,457,190,134,1401446,41168,1169491509
0,458,191,134,2750470,32167,1171486750
0,459,192,134,221717,43019,1180524635
0,460,191,135,2482408,52612,1187907510
0,461,192,135,1526314,33639,1190778751
0,462,193,135,462190,40955,1194083536
0,463,192,136,3347754,37695,1196779473
0,464,193,136,3251047,34101,1200572692
0,465,192,137,659855,27895,1204265915
0,466,193,137,2468347,34974,1206911230
0,467,194,137,2201103,34752,1209813116
0,468,193,138,2663790,23877,1212563399
0,469,194,138,1552565,31769,1217197111
0,470,195,138,3857294,29986,1219834593
0,471,194,139,1180577,30910,1224061885
0,472,195,139,13561581,35391,1226840256
0,473,196,139,2661357,23345,1240909251
0,474,197,139,1428042,34819,1243986178
0,475,198,139,391232,29652,1245757573
0,476,199,139,1260631,36904,1247778226
0,477,200,139,4807715,44215,1250021337
0,478,201,139,2172679,31710,1255219364
0,479,202,139,5081001,32655,1257763127
0,480,201,140,1827309,32947,1263226594
0,481,202,140,205511,28830,1265391408
0,482,203,140,1693040,32979,1266458111
0,483,204,140,2709805,29473,1269340475
0,484,203,141,2729629,34825,1275158370
0,485,204,141,2023922,29538,1278282346
0,486,205,141,2024313,30660,1280666061
0,487,204,142,1994533,31821,1283052825
0,488,203,143,1822652,30375,1285464241
0,489,204,143,680237,29911,1287615829
0,490,205,143,1047189,31718,1289647141
0,491,206,143,822323,30199,1291045410
0,492,207,143,4183446,31309,1293391797
0,493,208,143,288555,29642,1297927143
0,494,207,144,192335,42484,1300471492
0,495,208,144,874662,33641,1302394639
0,496,209,144,165463,33142,1305124097
0,497,210,144,1212105,30702,1306101698
0,498,209,145,1383449,32601,1307895732
0,499,210,145,750592,31132,1309749576
